351 389 299 302 550 298 405 203 659 383 448 418 373 407 408 359 464
369 209 365 477 529 282 412 286 293 299 314 491 249 590 509 117 403
364 388 264 129 230 191 567 322 228 618 429 449 371 253 369 588 482
356 453 461 333 265 344 342 411 488 420 428 369 301 510 397 528 127
432 580 500 415 282 537 257 381 337 348 438 380 439 393 257 287 325
553 194 547 265 101 209 375 115 426 250 518 596 392 499 225 230 109
430 463 312 267 241 369 522 384 422 407 338 461 139 330 460 284 459
519 149 383 176 399 243 610 512 493 247 409 209 509 445 454 442 586
423 346 435 395 151 374 387 291 513 474 269 545 409 283 379 209 502
430 346 231 313 261 314 533 193 397 113 155 443 379 559 377 398 290
274 303 352 395 216 310 257 473 570 514 271 434 385 327 270 196 330
305 484 523 443 401 355 251 496 513 166 320 519 454 606 328 244 342
495 516 275 252 106 559 215 345 210 294 247 275 338 267 201 235 478
373 78 612 169 584 445 257 399 206 445 582 455 358 488 426 428 473 380
183 286 311 315 399 255 271 207 419 411 461 463 260 223 372 307 231
176 412 311 441 286 358 598 525 564 481 204 502 286 295 327 406 642
294 497 259 220 416 450 622 426 58 224 104 410 577 264 245 325 470 420
391 352 373 542 111 371 551 456 530 631 439 292 417 323 308 465 107
298 391 604 576 483 554 408 349 425 280 402 375 224 314 322 350 539
436 416 539 388 440 478 655 586 438 448 363 507 245 307 448 201 635
318 185 101 556 359 361 563 269 276 473 463 161 468 342 369 240 432
441 221 605 371 110 494 399 428 225 402 425 285 591 277 433 474 453
460 191 298 362 252 334 316 321 382 370 289 443 250 467 458 349 49 476
500 608 418 474 364 123 391 373 150 351 468 366 535 458 562 310 135
441 488 420 244 351 384 287 224 489 496 345 497 414 316 384 509 332
327 487 517 238 378 480 335 266 189 284 352 267 451 211 372 553 266
335 141 381 507 268 354 469 231 324 400 618 308 243 438 442 211 232
122 422 240 562 367 319 464 239 204 423 323 470 549 528 563 484 281
454 552 230 228 487 650 494 230 395 545 304 350 452 404 375 399 193
534 656 423 264 352 474 334 249 489 252 496 529 241 303 479 524 657
297 364 482 263 422 157 507 225 446 430 366 381 489 427 361 127 298
274 384 204 542 399 161 387 266 499 409 281 430 335 211 354 196 615
260 305 274 244 335 309 425 417 456 346 272 86 454 457 498 307 313 213
305 250 268 293 305 464 335 389 497 344 431 396 415 464 140 597 634
285 387 503 362 591 455 355 313 534 381 335 188 528 507 345 424 196
635 626 357 212 313 296 488 511 400 205 411 358 472 590 300 350 468
438 517 433 315 294 381 236 435 208 384 354 400 221 621 527 412 218
483 396 259 412 135 587 124 142 274 291 317 563 445 334 482 548 491
371 340 353 240 549 399 609 568 362 128 344 495 600 318 206 188 463
531 394 342 325 604 330 304 593 132 184 409 79 369 171 530 330 516 336
617 303 344 499 549 426 227 380 361 128 58 389 639 609 402 370 327 572
257 609 328 255 292 325 360 413 201 273 266 309 307 328 276 511 513
160 419 446 267 468 192 330 411 480 515 495 250 371 271 190 422 467
297 316 415 358 142 361 247 331 279 410 85 689 560 611 466 390 414 507
327 411 557 339 370 421 439 566 479 445 537 391 152 56 240 238 460 479
223 409 361 375 341 472 94 372 540 290 362 361 247 378 430 333 475 157
492 353 561 223 219 210 227 206 385 212 346 178 283 576 478 490 237
428 468 305 201 202 606 552 649 291 292 526 265 344 379 421 504 530
397 391 608 434 362 496 426 384 435 442 209 158 378 488 350 125 329
342 495 418 291 358 496 285 337 483 276 207 503 211 527 437 365 278
700 452 311 382 394 582 426 582 587 340 528 603 185 596 344 513 455
304 352 181 546 239 263 150 202 188 101 391 508 375 177 389 532 444
305 438 426 533 360 478 364 476 550 268 314 501 460 234 329 212 377
551 406 246 412 394 322 237 379 373 475 275 347 352 348 505 400 275
447 539 594 299 371 417 173 92 179 510 401 646 391 340 428 712 375 85
247 617 377 226 410 347 322 303 241 356 403 447 221 251 361 315 495
228 591 446 538 338 346 390 369 392 310 535 569 615 364 282 377 567
294 462 270 244 313 406 400 419 181 520 328 511 584 346 453 243 362
374 436 375 399
